77061 77062 76140 80320 83992
99202 99203 99204 99205 99211 99212 99213 99214 99215 99201
99221 99222 99223 99231 99232 99233 99281 99282 99283 99284 99285
93000 93005 93010 93306 93307 93308 93320 93321 93325
45378 45380 45381 45384 45385 43235 43239 43249
29880 29881 29875 29876 27447 20610 20611 76942
11042 11043 97597 97598 12001 12002 12004 12011 17000 17003 17004 11721 11720 10060 10061
36415 96372 96374 96375 90471 90472 G0008 90686
97110 97112 97140 97530 97161 97162 97163 97116
71045 71046 71047 72148 73721 74177 74176 70450 76700 77067
64483 64484 62323 66984 66982 67028 92012 92014 92004
